77 127 246 42 215 31 224 98 128 134 101 146 124 19 209 59
189 241 116 234 48 233 227 79 156 55 46 217 90 165 35 148
181 103 237 57 188 155 58 17 76 119 247 86 251 44 11 167
179 174 30 144 126 5 253 149 228 15 23 199 204 100 52 252
142 178 28 133 166 96 32 153 109 200 26 235 29 239 213 152
221 210 114 9 56 192 83 245 0 212 4 163 67 64 157 22
145 229 71 135 94 21 248 125 194 122 150 137 240 131 162 39
81 33 82 140 196 195 141 70 6 168 185 169 20 242 218 106
191 18 120 1 177 10 47 84 206 180 249 205 61 87 41 219
40 236 95 232 108 27 43 193 73 171 173 85 238 89 38 136
198 182 111 255 93 113 207 78 226 147 143 223 36 105 216 99
230 203 91 176 3 72 97 75 184 65 132 161 231 130 110 254
187 208 129 66 202 243 7 37 201 25 8 172 164 225 117 139
49 121 53 154 60 88 68 80 62 63 45 159 14 183 222 107
16 24 197 102 138 104 186 211 244 12 54 115 158 160 112 151
170 74 92 214 190 2 51 69 34 50 175 118 250 13 220 123
